<!DOCTYPE html>

<html lang="en">
<head>
<meta charset="utf-8"/>
<meta content="width=device-width, initial-scale=1.0" name="viewport"/>
<title>Document</title>
<script src="logic.js"></script>
</head>
<script id="data">let data = [{"name": "LR", "clf report": {"0": {"precision": 0.125, "recall": 0.021739130434782608, "f1-score": 0.03703703703703704, "support": 46}, "1": {"precision": 0.3684210526315789, "recall": 0.1206896551724138, "f1-score": 0.1818181818181818, "support": 58}, "2": {"precision": 0.23809523809523808, "recall": 0.3333333333333333, "f1-score": 0.2777777777777778, "support": 45}, "3": {"precision": 0.21621621621621623, "recall": 0.5217391304347826, "f1-score": 0.3057324840764331, "support": 46}, "4": {"precision": 0.12244897959183673, "recall": 0.10909090909090909, "f1-score": 0.11538461538461538, "support": 55}, "accuracy": 0.212, "macro avg": {"precision": 0.214036297306974, "recall": 0.2213184316932443, "f1-score": 0.18355001921880904, "support": 250}, "weighted avg": {"precision": 0.21805338636165703, "recall": 0.212, "f1-score": 0.18063602545131208, "support": 250}}, "confusion matrix": [[0.021739130434782608, 0.08695652173913043, 0.21739130434782608, 0.391304347826087, 0.2826086956521739], [0.0, 0.1206896551724138, 0.1724137931034483, 0.4827586206896552, 0.22413793103448276], [0.044444444444444446, 0.06666666666666667, 0.3333333333333333, 0.3333333333333333, 0.2222222222222222], [0.021739130434782608, 0.021739130434782608, 0.2826086956521739, 0.5217391304347826, 0.15217391304347827], [0.07272727272727272, 0.07272727272727272, 0.2727272727272727, 0.4727272727272727, 0.10909090909090909]]}, {"name": "RF", "clf report": {"0": {"precision": 0.1951219512195122, "recall": 0.17391304347826086, "f1-score": 0.18390804597701152, "support": 46}, "1": {"precision": 0.21568627450980393, "recall": 0.1896551724137931, "f1-score": 0.20183486238532108, "support": 58}, "2": {"precision": 0.18181818181818182, "recall": 0.2222222222222222, "f1-score": 0.19999999999999998, "support": 45}, "3": {"precision": 0.25, "recall": 0.2608695652173913, "f1-score": 0.2553191489361702, "support": 46}, "4": {"precision": 0.2545454545454545, "recall": 0.2545454545454545, "f1-score": 0.2545454545454545, "support": 55}, "accuracy": 0.22, "macro avg": {"precision": 0.21943437241859048, "recall": 0.22024109157542443, "f1-score": 0.21912150236879144, "support": 250}, "weighted avg": {"precision": 0.22066892743793748, "recall": 0.22, "f1-score": 0.21964349193741992, "support": 250}}, "confusion matrix": [[0.17391304347826086, 0.2826086956521739, 0.13043478260869565, 0.1956521739130435, 0.21739130434782608], [0.1206896551724138, 0.1896551724137931, 0.27586206896551724, 0.1896551724137931, 0.22413793103448276], [0.17777777777777778, 0.17777777777777778, 0.2222222222222222, 0.2222222222222222, 0.2], [0.10869565217391304, 0.17391304347826086, 0.2608695652173913, 0.2608695652173913, 0.1956521739130435], [0.23636363636363636, 0.2, 0.2, 0.10909090909090909, 0.2545454545454545]]}, {"name": "DC", "clf report": {"0": {"precision": 0.16, "recall": 0.17391304347826086, "f1-score": 0.16666666666666666, "support": 46}, "1": {"precision": 0.175, "recall": 0.1206896551724138, "f1-score": 0.14285714285714285, "support": 58}, "2": {"precision": 0.12727272727272726, "recall": 0.15555555555555556, "f1-score": 0.13999999999999999, "support": 45}, "3": {"precision": 0.16071428571428573, "recall": 0.1956521739130435, "f1-score": 0.17647058823529413, "support": 46}, "4": {"precision": 0.1836734693877551, "recall": 0.16363636363636364, "f1-score": 0.17307692307692307, "support": 55}, "accuracy": 0.16, "macro avg": {"precision": 0.1613320964749536, "recall": 0.16188935835112747, "f1-score": 0.15981426416720534, "support": 250}, "weighted avg": {"precision": 0.1629286827458256, "recall": 0.16, "f1-score": 0.159557035121741, "support": 250}}, "confusion matrix": [[0.17391304347826086, 0.17391304347826086, 0.21739130434782608, 0.1956521739130435, 0.2391304347826087], [0.1896551724137931, 0.1206896551724138, 0.3275862068965517, 0.13793103448275862, 0.22413793103448276], [0.1111111111111111, 0.2222222222222222, 0.15555555555555556, 0.3333333333333333, 0.17777777777777778], [0.2608695652173913, 0.15217391304347827, 0.21739130434782608, 0.1956521739130435, 0.17391304347826086], [0.2545454545454545, 0.14545454545454545, 0.16363636363636364, 0.2727272727272727, 0.16363636363636364]]}]</script>
<body>
</body>
</html>